Krippendorff's alpha,CI low,CI high,n
0.419,0.372,0.462,1634
0.312,0.261,0.358,1634
0.295,0.249,0.337,1634
0.279,0.235,0.319,1634
0.278,0.235,0.323,1634
0.239,0.188,0.289,1634
0.201,0.148,0.251,1634
0.166,0.117,0.218,1634
0.409,0.258,0.546,108
0.360,0.178,0.502,108
0.298,0.134,0.446,108
0.286,0.127,0.460,108
0.259,0.076,0.459,108
0.256,0.091,0.428,108
0.243,0.048,0.392,108
0.132,-0.037,0.310,108
0.512,0.342,0.662,106
0.474,0.300,0.642,106
0.445,0.286,0.622,106
0.249,0.073,0.434,106
0.218,0.026,0.392,106
0.204,0.018,0.404,106
0.194,0.017,0.380,106
0.099,-0.087,0.286,106
0.755,0.713,0.790,1634
0.652,0.578,0.716,1634
0.631,0.587,0.674,1634
0.618,0.573,0.666,1634
0.571,0.504,0.630,1634
0.553,0.282,0.823,1634
0.551,0.469,0.634,1634
0.514,0.468,0.555,1634
0.492,0.446,0.531,1634
0.491,0.448,0.535,1634
0.456,0.394,0.515,1634
0.442,0.389,0.491,1634
0.436,0.358,0.506,1634
0.435,0.373,0.494,1634
0.407,0.321,0.499,1634
0.137,0.029,0.322,1634
