mean,CI low,CI high,n
4.200,4.147,4.253,1500
4.054,3.992,4.116,1500
4.009,3.955,4.062,1500
3.822,3.761,3.883,1500
3.733,3.668,3.799,1500
3.721,3.667,3.776,1500
3.654,3.592,3.716,1500
3.310,3.250,3.370,1500
4.547,4.513,4.580,1522
4.153,4.095,4.211,1522
3.965,3.909,4.020,1522
3.902,3.846,3.958,1522
3.804,3.738,3.869,1522
3.776,3.718,3.834,1522
3.514,3.451,3.576,1522
3.210,3.150,3.271,1522
4.650,4.613,4.686,1524
4.223,4.173,4.273,1524
4.196,4.137,4.255,1524
4.108,4.045,4.170,1524
3.943,3.886,4.000,1524
3.783,3.723,3.843,1524
3.579,3.523,3.636,1524
3.446,3.394,3.497,1524
4.308,4.261,4.355,1512
4.021,3.960,4.081,1512
3.950,3.882,4.018,1512
3.894,3.825,3.962,1512
3.810,3.757,3.863,1512
3.636,3.568,3.703,1512
3.340,3.274,3.406,1512
2.960,2.899,3.020,1512
