mean,CI low,CI high,n
3.980,3.793,4.167,100
3.870,3.665,4.075,100
3.800,3.601,3.999,100
3.800,3.595,4.005,100
3.700,3.470,3.930,100
3.580,3.378,3.782,100
3.520,3.302,3.738,100
3.300,3.108,3.492,100
4.020,3.868,4.172,100
3.970,3.780,4.160,100
3.930,3.704,4.156,100
3.780,3.603,3.957,100
3.610,3.394,3.826,100
3.520,3.345,3.695,100
3.490,3.298,3.682,100
3.440,3.285,3.595,100
4.330,4.165,4.495,100
4.240,4.075,4.405,100
4.020,3.827,4.213,100
3.920,3.736,4.104,100
3.840,3.641,4.039,100
3.620,3.417,3.823,100
3.600,3.422,3.778,100
3.470,3.203,3.737,100
3.820,3.639,4.001,100
3.800,3.609,3.991,100
3.570,3.337,3.803,100
3.540,3.295,3.785,100
3.240,3.009,3.471,100
3.040,2.761,3.319,100
2.950,2.762,3.138,100
2.800,2.583,3.017,100
